17,03	67,5
17,07	57,5
17,11	72
17,15	67
17,19	67
17,23	72,5
17,27	76
17,31	73
17,35	72
17,39	65,5
17,43	62
17,47	77,5
17,51	76,5
17,55	75
17,59	70
17,63	69
17,67	80,5
17,71	76,5
17,75	79
17,79	74,5
17,83	79,5
17,87	91,5
17,91	80,5
17,95	96
17,99	101,5
18,03	112,5
18,07	120,5
18,11	138,5
18,15	162
18,19	158
18,23	194,5
18,27	208,5
18,31	220
18,35	218,5
18,39	178,5
18,43	159
18,47	144
18,51	122
18,55	103,5
18,59	90,5
18,63	73
18,67	73,5
18,71	70
18,75	72
18,79	69,5
18,83	78
18,87	53,5
18,91	77
18,95	59,5
18,99	71
19,03	72
19,07	56
19,11	72
19,15	62
19,19	71
19,23	65,5
19,27	61,5
19,31	58,5
19,35	61,5
19,39	67,5
19,43	67,5
19,47	56,5
19,51	56,5
19,55	65
19,59	61
19,63	63
19,67	51
19,71	78
19,75	62
19,79	58
19,83	55
19,87	63
19,91	68,5
19,95	58,5
19,99	71,5
20,03	67
20,07	53,5
20,11	63
20,15	72,5
20,19	61
20,23	60
20,27	51,5
20,31	62,5
20,35	66,5
20,39	66
20,43	61
20,47	52
20,51	53
20,55	50
20,59	66
20,63	59
20,67	68
20,71	66
20,75	67,5
20,79	71,5
20,83	65,5
20,87	76
20,91	64,5
20,95	88
20,99	90,5
21,03	89
21,07	89,5
21,11	106
21,15	88
21,19	86
21,23	85,5
21,27	73
21,31	76
21,35	75,5
21,39	59,5
21,43	59,5
21,47	57,5
21,51	62
21,55	54
21,59	57,5
21,63	56,5
21,67	55,5
21,71	56
21,75	62
21,79	44
21,83	55
21,87	56,5
21,91	55
21,95	44,5
21,99	49
22,03	53
22,07	53,5
22,11	51
22,15	46
22,19	51,5
22,23	56,5
22,27	51,5
22,31	54
22,35	46,5
22,39	39,5
22,43	46
22,47	47
22,51	51
22,55	48,5
22,59	49
22,63	49
22,67	51
22,71	44
22,75	49,5
22,79	39,5
22,83	58
22,87	55,5
22,91	44
22,95	53
22,99	47
23,03	47,5
23,07	51
23,11	49
23,15	47,5
23,19	44,5
23,23	42
23,27	51,5
23,31	52
23,35	47,5
23,39	51
23,43	56,5
23,47	42
23,51	39,5
23,55	38
23,59	46,5
23,63	43,5
23,67	42
23,71	39,5
23,75	52
23,79	47,5
23,83	42,5
23,87	53
23,91	49,5
23,95	37
23,99	36,5
24,03	48,5
24,07	41
24,11	47
24,15	37,5
24,19	42,5
24,23	43,5
24,27	41,5
24,31	43,5
24,35	34,5
24,39	38
24,43	39
24,47	35
24,51	38,5
24,55	30,5
24,59	35,5
24,63	39,5
24,67	36
24,71	37
24,75	45
24,79	32,5
24,83	34
24,87	39
24,91	39,5
24,95	40,5
24,99	36,5
25,03	42,5
25,07	33
25,11	34
25,15	38,5
25,19	29,5
25,23	38,5
25,27	30,5
25,31	31
25,35	40,5
25,39	36
25,43	38,5
25,47	36
25,51	32
25,55	33,5
25,59	37
25,63	32,5
25,67	33,5
25,71	31
25,75	34
25,79	35,5
25,83	38
25,87	32
25,91	33
25,95	36,5
25,99	36,5
26,03	35
26,07	39,5
26,11	25,5
26,15	35
26,19	27,5
26,23	33,5
26,27	26,5
26,31	31,5
26,35	35,5
26,39	28,5
26,43	27,5
26,47	28,5
26,51	39
26,55	31,5
26,59	33,5
26,63	38,5
26,67	25,5
26,71	37,5
26,75	36
26,79	24,5
26,83	33,5
26,87	33,5
26,91	30
26,95	34
26,99	34,5
27,03	28
27,07	38,5
27,11	27,5
27,15	23,5
27,19	30
27,23	34,5
27,27	33
27,31	36
27,35	30,5
27,39	27
27,43	34
27,47	41,5
27,51	33,5
27,55	39
27,59	64,5
27,63	53,5
27,67	66,5
27,71	81,5
27,75	97,5
27,79	117
27,83	151
27,87	151
27,91	179,5
27,95	182,5
27,99	168,5
28,03	134
28,07	129
28,11	129
28,15	99
28,19	85,5
28,23	60,5
28,27	52,5
28,31	51
28,35	37,5
28,39	41,5
28,43	40,5
28,47	36
28,51	36,5
28,55	27
28,59	28
28,63	29
28,67	24,5
28,71	32,5
28,75	24
28,79	29
28,83	27
28,87	28
28,91	23,5
28,95	30,5
28,99	31,5
29,03	30,5
29,07	29
29,11	34
29,15	30
29,19	33,5
29,23	34
29,27	35,5
29,31	33,5
29,35	38
29,39	40,5
29,43	29
29,47	36,5
29,51	46,5
29,55	45,5
29,59	52,5
29,63	69
29,67	69,5
29,71	92,5
29,75	131,5
29,79	135,5
29,83	174
29,87	161,5
29,91	183,5
29,95	166
29,99	132,5
30,03	132,5
30,07	111
30,11	87,5
30,15	84
30,19	66,5
30,23	43,5
30,27	49
30,31	41,5
30,35	35,5
30,39	31
30,43	27
30,47	20,5
30,51	34
30,55	34,5
30,59	31
30,63	25,5
30,67	24,5
30,71	24,5
30,75	32,5
30,79	27,5
30,83	23,5
30,87	22,5
30,91	27
30,95	28
30,99	30
31,03	32
31,07	31
31,11	21
31,15	26,5
31,19	24,5
31,23	25
31,27	28
31,31	26,5
31,35	27,5
31,39	25,5
31,43	26,5
31,47	33,5
31,51	22
31,55	25,5
31,59	25,5
31,63	21
31,67	27,5
31,71	26,5
31,75	25,5
31,79	28
31,83	20,5
31,87	26,5
31,91	21,5
31,95	25
31,99	26,5
32,03	21
32,07	32,5
32,11	27
32,15	23
32,19	23
32,23	22,5
32,27	28
32,31	22
32,35	32
32,39	26
32,43	36
32,47	29,5
32,51	27
32,55	32
32,59	36
32,63	29,5
32,67	28
32,71	33,5
32,75	36,5
32,79	34,5
32,83	32,5
32,87	43
32,91	36,5
32,95	47,5
32,99	61,5
33,03	74
33,07	75
33,11	90,5
33,15	103
33,19	144,5
33,23	196
33,27	238,5
33,31	346,5
33,35	422
33,39	519
33,43	607
33,47	697
33,51	646,5
33,55	651
33,59	562
33,63	489,5
33,67	431,5
33,71	333
33,75	263,5
33,79	211
33,83	137
33,87	100,5
33,91	100,5
33,95	76,5
33,99	74,5
34,03	42
34,07	37,5
34,11	52,5
34,15	34,5
34,19	35,5
34,23	29
34,27	26,5
34,31	24,5
34,35	29,5
34,39	33,5
34,43	25,5
34,47	21
34,51	18,5
34,55	24,5
34,59	27
34,63	21
34,67	27,5
34,71	16,5
34,75	32
34,79	22,5
34,83	27,5
34,87	24,5
34,91	20
34,95	21
34,99	18,5
35,03	26,5
35,07	22,5
35,11	16
35,15	25,5
35,19	19,5
35,23	24
35,27	21,5
35,31	23,5
35,35	23
35,39	18,5
35,43	25
35,47	17,5
35,51	22
35,55	23,5
35,59	23
35,63	17
35,67	23,5
35,71	21,5
35,75	23
35,79	25,5
35,83	22
35,87	24,5
35,91	22,5
35,95	17,5
35,99	26
36,03	20
36,07	22,5
36,11	29,5
36,15	20
36,19	29,5
36,23	25,5
36,27	28,5
36,31	28,5
36,35	38
36,39	35
36,43	36,5
36,47	45,5
36,51	65,5
36,55	69
36,59	96
36,63	109,5
36,67	127,5
36,71	140,5
36,75	154,5
36,79	159
36,83	158
36,87	137
36,91	138
36,95	111
36,99	86,5
37,03	63,5
37,07	54,5
37,11	40,5
37,15	40
37,19	29,5
37,23	34,5
37,27	21,5
37,31	29
37,35	15,5
37,39	25
37,43	18
37,47	19
37,51	20
37,55	20,5
37,59	23
37,63	22,5
37,67	18,5
37,71	18,5
37,75	22,5
37,79	19,5
37,83	20
37,87	16
37,91	24,5
37,95	21,5
37,99	23,5
38,03	18
38,07	18
38,11	28,5
38,15	31
38,19	44
38,23	39,5
38,27	37,5
38,31	55,5
38,35	51,5
38,39	46
38,43	41
38,47	31,5
38,51	26,5
38,55	30,5
38,59	34
38,63	27
38,67	24,5
38,71	23
38,75	16
38,79	15,5
38,83	19
38,87	16,5
38,91	19,5
38,95	20
38,99	19,5
39,03	24,5
39,07	19,5
39,11	18
39,15	14
39,19	13
39,23	13
39,27	18,5
39,31	16,5
39,35	18
39,39	11
39,43	15,5
39,47	20
39,51	17
39,55	20,5
39,59	23,5
39,63	19
39,67	15
39,71	12
39,75	17,5
39,79	17
39,83	20
39,87	20
39,91	17,5
39,95	18,5
39,99	16
40,03	17,5
40,07	16,5
40,11	17,5
40,15	21
40,19	22
40,23	18,5
40,27	19,5
40,31	20
40,35	16
40,39	24,5
40,43	18,5
40,47	20
40,51	17
40,55	20,5
40,59	23
40,63	21,5
40,67	21
40,71	22
40,75	20,5
40,79	20,5
40,83	21
40,87	37
40,91	32
40,95	39,5
40,99	44,5
41,03	58
41,07	76
41,11	93
41,15	102,5
41,19	131
41,23	158
41,27	145
41,31	157,5
41,35	154,5
41,39	154
41,43	119,5
41,47	101
41,51	102
41,55	64,5
41,59	58
41,63	48,5
41,67	37,5
41,71	31
41,75	33,5
41,79	25,5
41,83	27
41,87	19,5
41,91	20,5
41,95	17,5
41,99	21
42,03	18,5
42,07	22
42,11	18,5
42,15	16
42,19	22,5
42,23	16
42,27	23,5
42,31	23,5
42,35	26
42,39	17
42,43	21,5
42,47	25,5
42,51	37
42,55	34
42,59	43
42,63	43,5
42,67	48
42,71	45,5
42,75	50,5
42,79	42,5
42,83	49,5
42,87	35
42,91	34,5
42,95	29,5
42,99	23,5
43,03	22,5
43,07	24
43,11	18,5
43,15	15,5
43,19	19,5
43,23	25
43,27	19,5
43,31	22,5
43,35	17
43,39	13
43,43	12
43,47	16
43,51	19,5
43,55	11,5
43,59	16,5
43,63	10,5
43,67	16
43,71	17,5
43,75	15,5
43,79	15,5
43,83	14
43,87	13,5
43,91	17,5
43,95	20
43,99	12
44,03	10
44,07	10
44,11	16
44,15	10
44,19	15,5
44,23	12
44,27	16,5
44,31	13
44,35	18
44,39	13,5
44,43	16
44,47	12,5
44,51	13,5
44,55	14
44,59	14
44,63	14,5
44,67	17,5
44,71	16
44,75	15
44,79	18,5
44,83	15,5
44,87	16
44,91	16,5
44,95	18
44,99	11
45,03	14
45,07	16
45,11	17,5
45,15	14,5
45,19	10
45,23	14,5
45,27	14,5
45,31	14,5
45,35	14
45,39	12,5
45,43	17
45,47	14,5
45,51	16
45,55	17
45,59	17,5
45,63	13,5
45,67	13,5
45,71	17
45,75	20
45,79	16,5
45,83	17
45,87	20
45,91	12
45,95	17,5
45,99	18
46,03	13
46,07	20
46,11	19,5
46,15	19
46,19	26,5
46,23	22,5
46,27	27,5
46,31	34,5
46,35	38,5
46,39	40,5
46,43	52
46,47	55,5
46,51	67,5
46,55	93,5
46,59	116,5
46,63	141,5
46,67	137,5
46,71	154
46,75	172
46,79	142
46,83	150,5
46,87	127,5
46,91	100
46,95	109,5
46,99	92,5
47,03	65
47,07	58
47,11	50,5
47,15	39
47,19	30,5
47,23	33
47,27	25
47,31	17
47,35	16,5
47,39	24
47,43	23
47,47	19
47,51	18
47,55	15,5
47,59	14,5
47,63	12,5
47,67	21,5
47,71	13
47,75	17
47,79	17
47,83	21,5
47,87	17,5
47,91	18
47,95	19
47,99	12
48,03	15,5
48,07	14,5
48,11	17,5
48,15	19
48,19	15
48,23	21
48,27	11,5
48,31	14
48,35	11
48,39	13
48,43	13
48,47	14,5
48,51	14,5
48,55	16,5
48,59	15,5
48,63	17,5
48,67	14
48,71	13,5
48,75	18,5
48,79	9,5
48,83	12,5
48,87	15
48,91	9,5
48,95	16,5
48,99	15
49,03	11
49,07	14,5
49,11	15,5
49,15	15,5
49,19	11,5
49,23	16
49,27	14,5
49,31	12
49,35	9,5
49,39	13
49,43	18,5
49,47	12,5
49,51	14,5
49,55	12,5
49,59	16
49,63	13,5
49,67	14
49,71	14,5
49,75	18,5
49,79	10
49,83	15
49,87	16,5
49,91	13,5
49,95	14
49,99	15
50,03	11,5
50,07	15
50,11	11
50,15	13
50,19	15,5
50,23	11,5
50,27	8,5
50,31	15
50,35	12
50,39	13
50,43	15
50,47	12,5
50,51	10,5
50,55	16
50,59	11,5
50,63	14
50,67	10
50,71	18,5
50,75	16,5
50,79	11,5
50,83	12
50,87	10
50,91	15
50,95	13
50,99	16,5
51,03	13
51,07	11
51,11	18
51,15	16
51,19	12,5
51,23	11,5
51,27	13
51,31	17,5
51,35	18
51,39	17
51,43	17,5
51,47	20
51,51	18,5
51,55	23
51,59	29
51,63	25,5
51,67	31
51,71	26,5
51,75	30
51,79	36,5
51,83	29
51,87	23
51,91	20,5
51,95	23,5
51,99	18
52,03	19,5
52,07	20
52,11	25,5
52,15	18,5
52,19	22,5
52,23	21,5
52,27	17,5
52,31	22,5
52,35	14,5
52,39	17
52,43	20,5
52,47	25,5
52,51	29,5
52,55	30,5
52,59	38
52,63	40,5
52,67	57
52,71	57
52,75	66
52,79	88,5
52,83	88
52,87	101,5
52,91	105,5
52,95	102,5
52,99	104,5
53,03	102
53,07	91,5
53,11	80
53,15	57,5
53,19	51
53,23	41
53,27	41,5
53,31	35
53,35	29,5
53,39	28
53,43	24
53,47	19,5
53,51	23,5
53,55	18,5
53,59	15,5
53,63	20,5
53,67	17
53,71	15,5
53,75	15,5
53,79	14
53,83	20
53,87	10
53,91	19
53,95	22
53,99	12
54,03	15,5
54,07	13,5
54,11	8
54,15	18
54,19	13
54,23	18
54,27	15,5
54,31	22,5
54,35	19,5
54,39	17
54,43	21,5
54,47	17
54,51	17
54,55	16
54,59	26
54,63	27,5
54,67	26,5
54,71	29
54,75	26
54,79	39,5
54,83	32
54,87	42
54,91	50,5
54,95	58,5
54,99	74,5
55,03	85,5
55,07	99,5
55,11	123
55,15	166,5
55,19	165,5
55,23	163,5
55,27	171,5
55,31	182
55,35	162
55,39	152,5
55,43	138
55,47	100
55,51	105,5
55,55	88,5
55,59	68
55,63	53,5
55,67	56
55,71	37,5
55,75	30
55,79	31
55,83	28,5
55,87	32,5
55,91	25
55,95	27
55,99	32,5
56,03	23,5
56,07	30
56,11	33,5
56,15	37
56,19	38,5
56,23	47,5
56,27	51
56,31	50,5
56,35	59,5
56,39	61,5
56,43	67
56,47	70
56,51	55
56,55	49
56,59	53
56,63	42,5
56,67	46,5
56,71	31
56,75	38,5
56,79	31
56,83	25
56,87	23
56,91	32,5
56,95	27
56,99	26
57,03	31,5
57,07	36,5
57,11	45
57,15	35,5
57,19	54
57,23	66
57,27	69,5
57,31	96
57,35	100,5
57,39	128,5
57,43	128,5
57,47	136
57,51	155
57,55	160
57,59	139,5
57,63	131
57,67	135
57,71	118,5
57,75	91,5
57,79	81,5
57,83	63
57,87	58,5
57,91	39,5
57,95	31
57,99	31
58,03	28,5
58,07	28,5
58,11	19,5
58,15	16
58,19	17
58,23	27
58,27	14
58,31	17,5
58,35	19
58,39	16,5
58,43	13,5
58,47	14
58,51	14,5
58,55	12,5
58,59	15,5
58,63	14,5
58,67	9,5
58,71	10,5
58,75	12
58,79	13,5
58,83	11,5
58,87	15
58,91	12
58,95	14,5
58,99	11
59,03	11,5
59,07	13,5
59,11	13
59,15	15
59,19	10,5
59,23	9,5
59,27	14,5
59,31	13,5
59,35	12
59,39	12,5
59,43	15
59,47	16
59,51	14
59,55	20
59,59	12,5
59,63	10,5
59,67	12,5
59,71	11,5
59,75	11,5
59,79	11,5
59,83	12,5
59,87	20,5
59,91	9,5
59,95	14
59,99	11
60,03	21
60,07	12
60,11	16,5
60,15	12
60,19	12,5
60,23	14
60,27	13
60,31	13,5
60,35	16
60,39	14,5
60,43	13
60,47	20,5
60,51	21
60,55	17
60,59	28,5
60,63	17,5
60,67	26,5
60,71	29
60,75	34
60,79	39,5
60,83	39
60,87	37,5
60,91	33,5
60,95	35,5
60,99	28
61,03	24,5
61,07	25,5
61,11	21
61,15	26,5
61,19	31
61,23	18
61,27	18
61,31	18,5
61,35	22
61,39	13
61,43	23,5
61,47	27
61,51	25,5
61,55	25
61,59	27
61,63	34,5
61,67	36,5
61,71	43
61,75	52
61,79	54,5
61,83	65
61,87	64,5
61,91	60,5
61,95	62
61,99	64,5
62,03	62
62,07	58
62,11	43
62,15	34,5
62,19	29,5
62,23	30
62,27	21,5
62,31	27,5
62,35	18
62,39	14,5
62,43	17
62,47	19,5
62,51	11,5
62,55	15
62,59	12,5
62,63	12
62,67	18
62,71	11
62,75	12
62,79	13,5
62,83	11
62,87	9
62,91	17,5
62,95	12,5
62,99	13,5
63,03	18
63,07	18
63,11	15
63,15	10,5
63,19	10
63,23	8,5
63,27	15
63,31	11
63,35	12
63,39	11,5
63,43	11,5
63,47	8,5
63,51	8,5
63,55	12
63,59	13
63,63	13,5
63,67	11
63,71	9
63,75	13
63,79	10,5
63,83	14,5
63,87	17
63,91	10,5
63,95	13
63,99	9,5
64,03	11
64,07	11
64,11	10,5
64,15	9,5
64,19	12,5
64,23	12,5
64,27	11
64,31	10,5
64,35	11,5
64,39	14
64,43	11
64,47	11
64,51	10,5
64,55	15,5
64,59	11,5
64,63	15
64,67	8
64,71	11
64,75	10,5
64,79	15,5
64,83	10,5
64,87	11
64,91	16
64,95	17,5
64,99	15,5
65,03	16
65,07	14
65,11	18
65,15	20
65,19	15
65,23	17,5
65,27	11
65,31	14
65,35	15
65,39	11,5
65,43	11
65,47	13,5
65,51	13
65,55	10,5
65,59	14
65,63	8
65,67	11
65,71	16,5
65,75	9,5
65,79	11
65,83	12
65,87	13,5
65,91	16,5
65,95	11
65,99	16,5
66,03	14
66,07	15,5
66,11	18,5
66,15	10,5
66,19	17,5
66,23	13
66,27	15
66,31	16
66,35	13,5
66,39	17,5
66,43	12,5
66,47	14,5
66,51	11
66,55	13
66,59	10
66,63	7,5
66,67	13,5
66,71	11
66,75	12
66,79	13,5
66,83	15
66,87	19,5
66,91	13
66,95	12
66,99	12
67,03	10
67,07	11
67,11	16,5
67,15	16,5
67,19	11
67,23	9,5
67,27	13,5
67,31	13,5
67,35	10,5
67,39	8
67,43	13
67,47	11,5
67,51	13,5
67,55	11
67,59	12
67,63	8,5
67,67	12
67,71	12,5
67,75	10
67,79	8,5
67,83	11
67,87	14,5
67,91	12
67,95	7,5
67,99	11
68,03	9,5
68,07	11
68,11	16
68,15	10
68,19	11
68,23	11
68,27	17
68,31	13,5
68,35	14
68,39	13
68,43	14
68,47	14,5
68,51	8,5
68,55	12,5
68,59	11
68,63	10,5
68,67	14
68,71	15
68,75	8
68,79	14,5
68,83	9
68,87	10
68,91	15
68,95	15
68,99	16
69,03	18,5
69,07	20
69,11	14,5
69,15	16
69,19	18
69,23	16,5
69,27	24
69,31	12,5
69,35	13,5
69,39	17
69,43	17
69,47	20,5
69,51	16
69,55	21
69,59	11
69,63	24,5
69,67	18
69,71	12,5
69,75	13
69,79	16,5
69,83	20,5
69,87	24
69,91	24,5
69,95	25,5
69,99	33